x, t, v, 20 , 20
0,0,1
0,0.25,0.968912
0,0.5,0.877583
0,0.75,0.731689
0,1,0.540302
0,1.25,0.315322
0,1.5,0.0707372
0,1.75,-0.178246
0,2,-0.416147
0,2.25,-0.628174
0,2.5,-0.801144
0,2.75,-0.924302
0,3,-0.989992
0,3.25,-0.99413
0,3.5,-0.936457
0,3.75,-0.820559
0,4,-0.653644
0,4.25,-0.446087
0,4.5,-0.210796
0,4.75,0.0376022
0,5,0.283662
0.05,0,0.9975
0.05,0.25,0.966629
0.05,0.5,0.886421
0.05,0.75,0.716989
0.05,1,0.49295
0.05,1.25,0.265034
0.05,1.5,0.0603862
0.05,1.75,-0.131255
0.05,2,-0.335748
0.05,2.25,-0.558134
0.05,2.5,-0.765894
0.05,2.75,-0.908031
0.05,3,-0.953076
0.05,3.25,-0.911639
0.05,3.5,-0.823141
0.05,3.75,-0.719129
0.05,4,-0.596916
0.05,4.25,-0.427568
0.05,4.5,-0.190543
0.05,4.75,0.0974412
0.05,5,0.386511
0.1,0,0.99
0.1,0.25,0.962928
0.1,0.5,0.893516
0.1,0.75,0.700062
0.1,1,0.442899
0.1,1.25,0.211607
0.1,1.5,0.0464028
0.1,1.75,-0.0885734
0.1,2,-0.260601
0.1,2.25,-0.494558
0.1,2.5,-0.738574
0.1,2.75,-0.901452
0.1,3,-0.928083
0.1,3.25,-0.844033
0.1,3.5,-0.72867
0.1,3.75,-0.641743
0.1,4,-0.570911
0.1,4.25,-0.448291
0.1,4.5,-0.220452
0.1,4.75,0.0930086
0.1,5,0.40681
0.15,0,0.9775
0.15,0.25,0.957886
0.15,0.5,0.898979
0.15,0.75,0.680956
0.15,1,0.390205
0.15,1.25,0.155213
0.15,1.5,0.0291153
0.15,1.75,-0.0497637
0.15,2,-0.190245
0.15,2.25,-0.43699
0.15,2.5,-0.718648
0.15,2.75,-0.903814
0.15,3,-0.913938
0.15,3.25,-0.789881
0.15,3.5,-0.65128
0.15,3.75,-0.586265
0.15,4,-0.572962
0.15,4.25,-0.50478
0.15,4.5,-0.295932
0.15,4.75,0.0302912
0.15,5,0.352225
0.2,0,0.96
0.2,0.25,0.952295
0.2,0.5,0.903831
0.2,0.75,0.660887
0.2,1,0.336426
0.2,1.25,0.0979468
0.2,1.5,0.0113258
0.2,1.75,-0.0112135
0.2,2,-0.120143
0.2,2.25,-0.379735
0.2,2.5,-0.69886
0.2,2.75,-0.905734
0.2,3,-0.898479
0.2,3.25,-0.733523
0.2,3.5,-0.570931
0.2,3.75,-0.527092
0.2,4,-0.570266
0.2,4.25,-0.554869
0.2,4.5,-0.362713
0.2,4.75,-0.0209347
0.2,5,0.31233
0.25,0,0.9375
0.25,0.25,0.946823
0.25,0.5,0.908916
0.25,0.75,0.640844
0.25,1,0.282826
0.25,1.25,0.0415343
0.25,1.5,-0.00464134
0.25,1.75,0.030076
0.25,2,-0.0465457
0.25,2.25,-0.318116
0.25,2.5,-0.673254
0.25,2.75,-0.899499
0.25,3,-0.871687
0.25,3.25,-0.662048
0.25,3.5,-0.471116
0.25,3.75,-0.44316
0.25,4,-0.53585
0.25,4.25,-0.563873
0.25,4.5,-0.376132
0.25,4.75,-0.00322678
0.25,5,0.360862
0.3,0,0.91
0.3,0.25,0.941316
0.3,0.5,0.914011
0.3,0.75,0.620442
0.3,1,0.228907
0.3,1.25,-0.0145639
0.3,1.5,-0.0193683
0.3,1.75,0.0733704
0.3,2,0.0295004
0.3,2.25,-0.253607
0.3,2.5,-0.643776
0.3,2.75,-0.887541
0.3,3,-0.836575
0.3,3.25,-0.579275
0.3,3.5,-0.356814
0.3,3.75,-0.34099
0.3,4,-0.478161
0.3,4.25,-0.54259
0.3,4.5,-0.349925
0.3,4.75,0.06587
0.3,5,0.475269
0.35,0,0.8775
0.35,0.25,0.935015
0.35,0.5,0.918093
0.35,0.75,0.598271
0.35,1,0.17286
0.35,1.25,-0.0725699
0.35,1.5,-0.0355978
0.35,1.75,0.11516
0.35,2,0.103385
0.35,2.25,-0.192263
0.35,2.5,-0.618252
0.35,2.75,-0.879839
0.35,3,-0.805839
0.35,3.25,-0.501466
0.35,3.5,-0.248976
0.35,3.75,-0.247619
0.35,4,-0.431984
0.35,4.25,-0.535633
0.35,4.5,-0.341246
0.35,4.75,0.113058
0.35,5,0.561411
0.4,0,0.84
0.4,0.25,0.92744
0.4,0.5,0.920491
0.4,0.75,0.573369
0.4,1,0.113446
0.4,1.25,-0.133969
0.4,1.5,-0.0551264
0.4,1.75,0.15315
0.4,2,0.172053
0.4,2.25,-0.13814
0.4,2.5,-0.601938
0.4,2.75,-0.883072
0.4,3,-0.787942
0.4,3.25,-0.439441
0.4,3.5,-0.161574
0.4,3.75,-0.181117
0.4,4,-0.420598
0.4,4.25,-0.572836
0.4,4.5,-0.388274
0.4,4.75,0.0894055
0.4,5,0.556433
0.45,0,0.7975
0.45,0.25,0.918987
0.45,0.5,0.921641
0.45,0.75,0.546197
0.45,1,0.051258
0.45,1.25,-0.197894
0.45,1.5,-0.0767294
0.45,1.75,0.188921
0.45,2,0.23743
0.45,2.25,-0.0889034
0.45,2.5,-0.591884
0.45,2.75,-0.893379
0.45,3,-0.777812
0.45,3.25,-0.386644
0.45,3.5,-0.0862686
0.45,3.75,-0.130911
0.45,4,-0.430492
0.45,4.25,-0.636799
0.45,4.5,-0.468536
0.45,4.75,0.0238608
0.45,5,0.497475
0.5,0,0.75
0.5,0.25,0.910577
0.5,0.5,0.92264
0.5,0.75,0.518062
0.5,1,-0.0120205
0.5,1.25,-0.262076
0.5,1.5,-0.0973828
0.5,1.75,0.226364
0.5,2,0.304399
0.5,2.25,-0.0384154
0.5,2.5,-0.580256
0.5,2.75,-0.900627
0.5,3,-0.762318
0.5,3.25,-0.326176
0.5,3.5,-0.00144066
0.5,3.75,-0.0693754
0.5,4,-0.426269
0.5,4.25,-0.682011
0.5,4.5,-0.523459
0.5,4.75,-0.00828164
0.5,5,0.481187
0.55,0,0.6975
0.55,0.25,0.902747
0.55,0.5,0.924075
0.55,0.75,0.489613
0.55,1,-0.0755503
0.55,1.25,-0.325327
0.55,1.5,-0.115448
0.55,1.75,0.267588
0.55,2,0.375556
0.55,2.25,0.0165205
0.55,2.5,-0.562994
0.55,2.75,-0.899523
0.55,3,-0.73455
0.55,3.25,-0.249125
0.55,3.5,0.104271
0.55,3.75,0.0179408
0.55,4,-0.389439
0.55,4.25,-0.684671
0.55,4.5,-0.522351
0.55,4.75,0.0324791
0.55,5,0.558257
0.6,0,0.64
0.6,0.25,0.895168
0.6,0.5,0.925405
0.6,0.75,0.460054
0.6,1,-0.140347
0.6,1.25,-0.388838
0.6,1.5,-0.132343
0.6,1.75,0.310777
0.6,2,0.448455
0.6,2.25,0.0726259
0.6,2.5,-0.544348
0.6,2.75,-0.895448
0.6,3,-0.701295
0.6,3.25,-0.164166
0.6,3.5,0.219638
0.6,3.75,0.116481
0.6,4,-0.338761
0.6,4.25,-0.668803
0.6,4.5,-0.49592
0.6,4.75,0.106798
0.6,5,0.678127
0.65,0,0.5775
0.65,0.25,0.887131
0.65,0.5,0.925581
0.65,0.75,0.427929
0.65,1,-0.208268
0.65,1.25,-0.454876
0.65,1.5,-0.150867
0.65,1.75,0.352336
0.65,2,0.518359
0.65,2.25,0.123681
0.65,2.5,-0.532345
0.65,2.75,-0.898622
0.65,3,-0.675558
0.65,3.25,-0.0879647
0.65,3.5,0.323174
0.65,3.75,0.198518
0.65,4,-0.309903
0.65,4.25,-0.680139
0.65,4.5,-0.502751
0.65,4.75,0.139537
0.65,5,0.744278
0.7,0,0.51
0.7,0.25,0.87845
0.7,0.5,0.92421
0.7,0.75,0.392628
0.7,1,-0.280082
0.7,1.25,-0.524311
0.7,1.5,-0.172023
0.7,1.75,0.390974
0.7,2,0.583492
0.7,2.25,0.167268
0.7,2.5,-0.530128
0.7,2.75,-0.912993
0.7,3,-0.662288
0.7,3.25,-0.0268395
0.7,3.5,0.40667
0.7,3.75,0.253369
0.7,4,-0.316645
0.7,4.25,-0.736302
0.7,4.5,-0.565331
0.7,4.75,0.101907
0.7,5,0.719701
0.75,0,0.4375
0.75,0.25,0.869817
0.75,0.5,0.92201
0.75,0.75,0.354964
0.75,1,-0.354729
0.75,1.25,-0.595656
0.75,1.5,-0.193789
0.75,1.75,0.429284
0.75,2,0.647053
0.75,2.25,0.207357
0.75,2.5,-0.532632
0.75,2.75,-0.931967
0.75,3,-0.652896
0.75,3.25,0.0302682
0.75,3.5,0.48423
0.75,3.75,0.299
0.75,4,-0.335982
0.75,4.25,-0.807679
0.75,4.5,-0.645495
0.75,4.75,0.0429954
0.75,5,0.667378
0.8,0,0.36
0.8,0.25,0.862208
0.8,0.5,0.920044
0.8,0.75,0.316193
0.8,1,-0.430573
0.8,1.25,-0.666685
0.8,1.5,-0.213195
0.8,1.75,0.47107
0.8,2,0.7138
0.8,2.25,0.249914
0.8,2.5,-0.532227
0.8,2.75,-0.945652
0.8,3,-0.634554
0.8,3.25,0.0998566
0.8,3.5,0.576934
0.8,3.75,0.362335
0.8,4,-0.333402
0.8,4.25,-0.849878
0.8,4.5,-0.686096
0.8,4.75,0.036262
0.8,5,0.681582
0.85,0,0.2775
0.85,0.25,0.855992
0.85,0.5,0.918578
0.85,0.75,0.276545
0.85,1,-0.507293
0.85,1.25,-0.736855
0.85,1.5,-0.229427
0.85,1.75,0.517362
0.85,2,0.78492
0.85,2.25,0.296327
0.85,2.5,-0.527161
0.85,2.75,-0.951696
0.85,3,-0.60412
0.85,3.25,0.185986
0.85,3.5,0.68989
0.85,3.75,0.449783
0.85,4,-0.300732
0.85,4.25,-0.852321
0.85,4.5,-0.673405
0.85,4.75,0.099414
0.85,5,0.784992
0.9,0,0.19
0.9,0.25,0.850723
0.9,0.5,0.916805
0.9,0.75,0.234875
0.9,1,-0.586332
0.9,1.25,-0.807882
0.9,1.5,-0.244578
0.9,1.75,0.565459
0.9,2,0.856807
0.9,2.25,0.34182
0.9,2.5,-0.523588
0.9,2.75,-0.957898
0.9,3,-0.571479
0.9,3.25,0.275987
0.9,3.5,0.806719
0.9,3.75,0.540164
0.9,4,-0.265226
0.9,4.25,-0.849914
0.9,4.5,-0.652091
0.9,4.75,0.175174
0.9,5,0.904002
0.95,0,0.0975
0.95,0.25,0.845832
0.95,0.5,0.913738
0.95,0.75,0.189804
0.95,1,-0.669424
0.95,1.25,-0.881853
0.95,1.5,-0.261212
0.95,1.75,0.612046
0.95,2,0.925061
0.95,2.25,0.380604
0.95,2.5,-0.528963
0.95,2.75,-0.97372
0.95,3,-0.548652
0.95,3.25,0.354442
0.95,3.5,0.907505
0.95,3.75,0.607753
0.95,4,-0.259965
0.95,4.25,-0.885042
0.95,4.5,-0.676423
0.95,4.75,0.193933
0.95,5,0.949166
1,0,0
1,0.25,0.841471
1,0.5,0.909297
1,0.75,0.14112
1,1,-0.756802
1,1.25,-0.958924
1,1.5,-0.279415
1,1.75,0.656987
1,2,0.989358
1,2.25,0.412118
1,2.5,-0.544021
1,2.75,-0.99999
1,3,-0.536573
1,3.25,0.420167
1,3.5,0.990607
1,3.75,0.650288
1,4,-0.287903
1,4.25,-0.961397
1,4.5,-0.750987
1,4.75,0.149877
1,5,0.912945
