x, t, v, 10 , 100
0,0,1
0,0.05,0.99875
0,0.1,0.995004
0,0.15,0.988771
0,0.2,0.980067
0,0.25,0.968912
0,0.3,0.955336
0,0.35,0.939373
0,0.4,0.921061
0,0.45,0.900447
0,0.5,0.877583
0,0.55,0.852525
0,0.6,0.825336
0,0.65,0.796084
0,0.7,0.764842
0,0.75,0.731689
0,0.8,0.696707
0,0.85,0.659983
0,0.9,0.62161
0,0.95,0.581683
0,1,0.540302
0,1.05,0.497571
0,1.1,0.453596
0,1.15,0.408487
0,1.2,0.362358
0,1.25,0.315322
0,1.3,0.267499
0,1.35,0.219007
0,1.4,0.169967
0,1.45,0.120503
0,1.5,0.0707372
0,1.55,0.0207948
0,1.6,-0.0291995
0,1.65,-0.0791209
0,1.7,-0.128844
0,1.75,-0.178246
0,1.8,-0.227202
0,1.85,-0.27559
0,1.9,-0.32329
0,1.95,-0.370181
0,2,-0.416147
0,2.05,-0.461073
0,2.1,-0.504846
0,2.15,-0.547358
0,2.2,-0.588501
0,2.25,-0.628174
0,2.3,-0.666276
0,2.35,-0.702713
0,2.4,-0.737394
0,2.45,-0.770231
0,2.5,-0.801144
0,2.55,-0.830054
0,2.6,-0.856889
0,2.65,-0.881582
0,2.7,-0.904072
0,2.75,-0.924302
0,2.8,-0.942222
0,2.85,-0.957787
0,2.9,-0.970958
0,2.95,-0.981702
0,3,-0.989992
0,3.05,-0.995808
0,3.1,-0.999135
0,3.15,-0.999965
0,3.2,-0.998295
0,3.25,-0.99413
0,3.3,-0.98748
0,3.35,-0.978362
0,3.4,-0.966798
0,3.45,-0.952818
0,3.5,-0.936457
0,3.55,-0.917755
0,3.6,-0.896758
0,3.65,-0.873521
0,3.7,-0.8481
0,3.75,-0.820559
0,3.8,-0.790968
0,3.85,-0.759399
0,3.9,-0.725932
0,3.95,-0.690651
0,4,-0.653644
0,4.05,-0.615002
0,4.1,-0.574824
0,4.15,-0.533209
0,4.2,-0.490261
0,4.25,-0.446087
0,4.3,-0.400799
0,4.35,-0.354509
0,4.4,-0.307333
0,4.45,-0.259389
0,4.5,-0.210796
0,4.55,-0.161676
0,4.6,-0.112153
0,4.65,-0.0623485
0,4.7,-0.0123887
0,4.75,0.0376022
0,4.8,0.087499
0,4.85,0.137177
0,4.9,0.186512
0,4.95,0.235381
0,5,0.283662
0.1,0,0.99
0.1,0.05,0.944649
0.1,0.1,0.941043
0.1,0.15,0.947533
0.1,0.2,0.954592
0.1,0.25,0.95863
0.1,0.3,0.958099
0.1,0.35,0.952231
0.1,0.4,0.940618
0.1,0.45,0.923084
0.1,0.5,0.899635
0.1,0.55,0.870445
0.1,0.6,0.83585
0.1,0.65,0.796327
0.1,0.7,0.752482
0.1,0.75,0.705024
0.1,0.8,0.654745
0.1,0.85,0.602485
0.1,0.9,0.549104
0.1,0.95,0.495454
0.1,1,0.442341
0.1,1.05,0.390503
0.1,1.1,0.340581
0.1,1.15,0.293097
0.1,1.2,0.248437
0.1,1.25,0.20684
0.1,1.3,0.168393
0.1,1.35,0.133029
0.1,1.4,0.100537
0.1,1.45,0.0705696
0.1,1.5,0.0426677
0.1,1.55,0.0162772
0.1,1.6,-0.00922189
0.1,1.65,-0.0344873
0.1,1.7,-0.0601839
0.1,1.75,-0.0869531
0.1,1.8,-0.115383
0.1,1.85,-0.145981
0.1,1.9,-0.179149
0.1,1.95,-0.215163
0.1,2,-0.254159
0.1,2.05,-0.296124
0.1,2.1,-0.34089
0.1,2.15,-0.38814
0.1,2.2,-0.437416
0.1,2.25,-0.488131
0.1,2.3,-0.539593
0.1,2.35,-0.591027
0.1,2.4,-0.641603
0.1,2.45,-0.690466
0.1,2.5,-0.736765
0.1,2.55,-0.77969
0.1,2.6,-0.818494
0.1,2.65,-0.852527
0.1,2.7,-0.881254
0.1,2.75,-0.904279
0.1,2.8,-0.921356
0.1,2.85,-0.932396
0.1,2.9,-0.937474
0.1,2.95,-0.936817
0.1,3,-0.930803
0.1,3.05,-0.919935
0.1,3.1,-0.904828
0.1,3.15,-0.88618
0.1,3.2,-0.864745
0.1,3.25,-0.841302
0.1,3.3,-0.816626
0.1,3.35,-0.791454
0.1,3.4,-0.766458
0.1,3.45,-0.74222
0.1,3.5,-0.719208
0.1,3.55,-0.697758
0.1,3.6,-0.678062
0.1,3.65,-0.660165
0.1,3.7,-0.643959
0.1,3.75,-0.629194
0.1,3.8,-0.615489
0.1,3.85,-0.602346
0.1,3.9,-0.589177
0.1,3.95,-0.575327
0.1,4,-0.560102
0.1,4.05,-0.542803
0.1,4.1,-0.522754
0.1,4.15,-0.49933
0.1,4.2,-0.471992
0.1,4.25,-0.440304
0.1,4.3,-0.403959
0.1,4.35,-0.362791
0.1,4.4,-0.316789
0.1,4.45,-0.266098
0.1,4.5,-0.211018
0.1,4.55,-0.151997
0.1,4.6,-0.0896128
0.1,4.65,-0.02456
0.1,4.7,0.0423789
0.1,4.75,0.110359
0.1,4.8,0.178504
0.1,4.85,0.245933
0.1,4.9,0.311799
0.1,4.95,0.375314
0.1,5,0.435776
0.2,0,0.96
0.2,0.05,0.883654
0.2,0.1,0.882165
0.2,0.15,0.901771
0.2,0.2,0.9245
0.2,0.25,0.943453
0.2,0.3,0.955605
0.2,0.35,0.959425
0.2,0.4,0.954078
0.2,0.45,0.939172
0.2,0.5,0.914679
0.2,0.55,0.880901
0.2,0.6,0.83845
0.2,0.65,0.788221
0.2,0.7,0.731356
0.2,0.75,0.669205
0.2,0.8,0.603268
0.2,0.85,0.535141
0.2,0.9,0.466455
0.2,0.95,0.398813
0.2,1,0.333726
0.2,1.05,0.272564
0.2,1.1,0.216494
0.2,1.15,0.166445
0.2,1.2,0.123068
0.2,1.25,0.0867193
0.2,1.3,0.0574442
0.2,1.35,0.0349822
0.2,1.4,0.0187798
0.2,1.45,0.00801584
0.2,1.5,0.00163861
0.2,1.55,-0.00158915
0.2,1.6,-0.00303693
0.2,1.65,-0.00414826
0.2,1.7,-0.00637941
0.2,1.75,-0.0111376
0.2,1.8,-0.0197213
0.2,1.85,-0.0332646
0.2,1.9,-0.0526886
0.2,1.95,-0.0786608
0.2,2,-0.111565
0.2,2.05,-0.151484
0.2,2.1,-0.198188
0.2,2.15,-0.251148
0.2,2.2,-0.309547
0.2,2.25,-0.372313
0.2,2.3,-0.438156
0.2,2.35,-0.505621
0.2,2.4,-0.573137
0.2,2.45,-0.639081
0.2,2.5,-0.701842
0.2,2.55,-0.759875
0.2,2.6,-0.811771
0.2,2.65,-0.8563
0.2,2.7,-0.892467
0.2,2.75,-0.919545
0.2,2.8,-0.937103
0.2,2.85,-0.945022
0.2,2.9,-0.943501
0.2,2.95,-0.933042
0.2,3,-0.914436
0.2,3.05,-0.888724
0.2,3.1,-0.857161
0.2,3.15,-0.82116
0.2,3.2,-0.782241
0.2,3.25,-0.741964
0.2,3.3,-0.701874
0.2,3.35,-0.663435
0.2,3.4,-0.627972
0.2,3.45,-0.596621
0.2,3.5,-0.570286
0.2,3.55,-0.5496
0.2,3.6,-0.534902
0.2,3.65,-0.52623
0.2,3.7,-0.523314
0.2,3.75,-0.525591
0.2,3.8,-0.532235
0.2,3.85,-0.542181
0.2,3.9,-0.554182
0.2,3.95,-0.566851
0.2,4,-0.578726
0.2,4.05,-0.588328
0.2,4.1,-0.594222
0.2,4.15,-0.595079
0.2,4.2,-0.589733
0.2,4.25,-0.577228
0.2,4.3,-0.556862
0.2,4.35,-0.528218
0.2,4.4,-0.491183
0.2,4.45,-0.445957
0.2,4.5,-0.39305
0.2,4.55,-0.333264
0.2,4.6,-0.267665
0.2,4.65,-0.197547
0.2,4.7,-0.124379
0.2,4.75,-0.0497588
0.2,4.8,0.0246553
0.2,4.85,0.0972002
0.2,4.9,0.166273
0.2,4.95,0.23039
0.2,5,0.288241
0.3,0,0.91
0.3,0.05,0.818841
0.3,0.1,0.823342
0.3,0.15,0.85725
0.3,0.2,0.895949
0.3,0.25,0.929777
0.3,0.3,0.954429
0.3,0.35,0.967684
0.3,0.4,0.968317
0.3,0.45,0.955744
0.3,0.5,0.92992
0.3,0.55,0.89129
0.3,0.6,0.84076
0.3,0.65,0.779657
0.3,0.7,0.709675
0.3,0.75,0.632812
0.3,0.8,0.551286
0.3,0.85,0.467454
0.3,0.9,0.38372
0.3,0.95,0.302437
0.3,1,0.225821
0.3,1.05,0.155861
0.3,1.1,0.0942466
0.3,1.15,0.0422992
0.3,1.2,0.000924734
0.3,1.25,-0.0294204
0.3,1.3,-0.0487444
0.3,1.35,-0.0575165
0.3,1.4,-0.0566455
0.3,1.45,-0.04744
0.3,1.5,-0.0315535
0.3,1.55,-0.0109147
0.3,1.6,0.0123522
0.3,1.65,0.0360155
0.3,1.7,0.0578286
0.3,1.75,0.0756224
0.3,1.8,0.0873952
0.3,1.85,0.091396
0.3,1.9,0.086197
0.3,1.95,0.0707541
0.3,2,0.0444516
0.3,2.05,0.00712985
0.3,2.1,-0.0409055
0.3,2.15,-0.0988925
0.3,2.2,-0.165641
0.3,2.25,-0.239575
0.3,2.3,-0.318797
0.3,2.35,-0.401156
0.3,2.4,-0.484336
0.3,2.45,-0.565941
0.3,2.5,-0.64359
0.3,2.55,-0.715012
0.3,2.6,-0.77813
0.3,2.65,-0.831147
0.3,2.7,-0.87261
0.3,2.75,-0.901472
0.3,2.8,-0.917128
0.3,2.85,-0.91944
0.3,2.9,-0.908741
0.3,2.95,-0.885817
0.3,3,-0.851883
0.3,3.05,-0.808524
0.3,3.1,-0.757638
0.3,3.15,-0.701356
0.3,3.2,-0.641961
0.3,3.25,-0.581793
0.3,3.3,-0.523155
0.3,3.35,-0.468225
0.3,3.4,-0.418968
0.3,3.45,-0.377058
0.3,3.5,-0.343811
0.3,3.55,-0.320134
0.3,3.6,-0.306491
0.3,3.65,-0.302883
0.3,3.7,-0.308853
0.3,3.75,-0.323503
0.3,3.8,-0.345529
0.3,3.85,-0.373281
0.3,3.9,-0.404825
0.3,3.95,-0.438025
0.3,4,-0.47063
0.3,4.05,-0.500362
0.3,4.1,-0.525017
0.3,4.15,-0.542547
0.3,4.2,-0.55115
0.3,4.25,-0.549341
0.3,4.3,-0.536016
0.3,4.35,-0.510497
0.3,4.4,-0.472564
0.3,4.45,-0.422465
0.3,4.5,-0.360908
0.3,4.55,-0.28904
0.3,4.6,-0.208399
0.3,4.65,-0.120861
0.3,4.7,-0.0285643
0.3,4.75,0.0661722
0.3,4.8,0.160936
0.3,4.85,0.253315
0.3,4.9,0.340993
0.3,4.95,0.421835
0.3,5,0.493971
0.4,0,0.84
0.4,0.05,0.746158
0.4,0.1,0.761389
0.4,0.15,0.811028
0.4,0.2,0.865889
0.4,0.25,0.914299
0.4,0.3,0.950942
0.4,0.35,0.97301
0.4,0.4,0.978935
0.4,0.45,0.967976
0.4,0.5,0.940095
0.4,0.55,0.895907
0.4,0.6,0.836635
0.4,0.65,0.764058
0.4,0.7,0.68044
0.4,0.75,0.58844
0.4,0.8,0.491008
0.4,0.85,0.391268
0.4,0.9,0.292398
0.4,0.95,0.1975
0.4,1,0.109484
0.4,1.05,0.0309525
0.4,1.1,-0.0359026
0.4,1.15,-0.0893836
0.4,1.2,-0.128352
0.4,1.25,-0.152274
0.4,1.3,-0.161234
0.4,1.35,-0.155934
0.4,1.4,-0.13766
0.4,1.45,-0.108229
0.4,1.5,-0.0699135
0.4,1.55,-0.0253481
0.4,1.6,0.0225782
0.4,1.65,0.0708398
0.4,1.7,0.116398
0.4,1.75,0.156326
0.4,1.8,0.187927
0.4,1.85,0.208843
0.4,1.9,0.217157
0.4,1.95,0.211467
0.4,2,0.190945
0.4,2.05,0.155376
0.4,2.1,0.105167
0.4,2.15,0.0413316
0.4,2.2,-0.0345435
0.4,2.25,-0.120363
0.4,2.3,-0.213604
0.4,2.35,-0.311411
0.4,2.4,-0.410711
0.4,2.45,-0.508334
0.4,2.5,-0.601133
0.4,2.55,-0.686114
0.4,2.6,-0.760547
0.4,2.65,-0.822079
0.4,2.7,-0.868821
0.4,2.75,-0.899427
0.4,2.8,-0.91314
0.4,2.85,-0.909829
0.4,2.9,-0.889985
0.4,2.95,-0.854706
0.4,3,-0.80565
0.4,3.05,-0.744968
0.4,3.1,-0.675219
0.4,3.15,-0.599266
0.4,3.2,-0.520165
0.4,3.25,-0.441037
0.4,3.3,-0.364948
0.4,3.35,-0.294788
0.4,3.4,-0.23315
0.4,3.45,-0.182235
0.4,3.5,-0.143756
0.4,3.55,-0.118879
0.4,3.6,-0.10817
0.4,3.65,-0.111579
0.4,3.7,-0.128439
0.4,3.75,-0.157496
0.4,3.8,-0.196959
0.4,3.85,-0.244573
0.4,3.9,-0.297712
0.4,3.95,-0.353482
0.4,4,-0.408843
0.4,4.05,-0.460725
0.4,4.1,-0.50616
0.4,4.15,-0.542397
0.4,4.2,-0.567015
0.4,4.25,-0.578023
0.4,4.3,-0.573939
0.4,4.35,-0.553855
0.4,4.4,-0.517473
0.4,4.45,-0.465118
0.4,4.5,-0.39773
0.4,4.55,-0.31683
0.4,4.6,-0.224458
0.4,4.65,-0.123096
0.4,4.7,-0.0155733
0.4,4.75,0.0950463
0.4,4.8,0.205583
0.4,4.85,0.312865
0.4,4.9,0.413853
0.4,4.95,0.505758
0.4,5,0.586154
0.5,0,0.75
0.5,0.05,0.664738
0.5,0.1,0.696074
0.5,0.15,0.76308
0.5,0.2,0.834278
0.5,0.25,0.896856
0.5,0.3,0.944803
0.5,0.35,0.974854
0.5,0.4,0.985157
0.5,0.45,0.974855
0.5,0.5,0.943954
0.5,0.55,0.893268
0.5,0.6,0.824369
0.5,0.65,0.739515
0.5,0.7,0.641564
0.5,0.75,0.533857
0.5,0.8,0.420088
0.5,0.85,0.304157
0.5,0.9,0.190018
0.5,0.95,0.0815177
0.5,1,-0.0177479
0.5,1.05,-0.104582
0.5,1.1,-0.176309
0.5,1.15,-0.230881
0.5,1.2,-0.266957
0.5,1.25,-0.283952
0.5,1.3,-0.282063
0.5,1.35,-0.262255
0.5,1.4,-0.22622
0.5,1.45,-0.176311
0.5,1.5,-0.115443
0.5,1.55,-0.0469765
0.5,1.6,0.0254222
0.5,1.65,0.0979258
0.5,1.7,0.166702
0.5,1.75,0.228071
0.5,1.8,0.278649
0.5,1.85,0.315491
0.5,1.9,0.336209
0.5,1.95,0.339067
0.5,2,0.323054
0.5,2.05,0.287929
0.5,2.1,0.234228
0.5,2.15,0.163249
0.5,2.2,0.0769979
0.5,2.25,-0.0218846
0.5,2.3,-0.13023
0.5,2.35,-0.244464
0.5,2.4,-0.360749
0.5,2.45,-0.475136
0.5,2.5,-0.583717
0.5,2.55,-0.682784
0.5,2.6,-0.76897
0.5,2.65,-0.839386
0.5,2.7,-0.891734
0.5,2.75,-0.924398
0.5,2.8,-0.936503
0.5,2.85,-0.927957
0.5,2.9,-0.899444
0.5,2.95,-0.852407
0.5,3,-0.788979
0.5,3.05,-0.711906
0.5,3.1,-0.624431
0.5,3.15,-0.53017
0.5,3.2,-0.432963
0.5,3.25,-0.336722
0.5,3.3,-0.245279
0.5,3.35,-0.162227
0.5,3.4,-0.0907821
0.5,3.45,-0.0336544
0.5,3.5,0.0070605
0.5,3.55,0.0299632
0.5,3.6,0.034406
0.5,3.65,0.0205175
0.5,3.7,-0.0108035
0.5,3.75,-0.057925
0.5,3.8,-0.118548
0.5,3.85,-0.1898
0.5,3.9,-0.26835
0.5,3.95,-0.350544
0.5,4,-0.432553
0.5,4.05,-0.510525
0.5,4.1,-0.580743
0.5,4.15,-0.639773
0.5,4.2,-0.684604
0.5,4.25,-0.712772
0.5,4.3,-0.722458
0.5,4.35,-0.712561
0.5,4.4,-0.682752
0.5,4.45,-0.633479
0.5,4.5,-0.56596
0.5,4.55,-0.482134
0.5,4.6,-0.384586
0.5,4.65,-0.276446
0.5,4.7,-0.161269
0.5,4.75,-0.0428956
0.5,4.8,0.0747014
0.5,4.85,0.187568
0.5,4.9,0.291928
0.5,4.95,0.384326
0.5,5,0.461768
0.6,0,0.64
0.6,0.05,0.579183
0.6,0.1,0.632589
0.6,0.15,0.718887
0.6,0.2,0.80678
0.6,0.25,0.883251
0.6,0.3,0.941937
0.6,0.35,0.979249
0.6,0.4,0.993124
0.6,0.45,0.982639
0.6,0.5,0.947889
0.6,0.55,0.889928
0.6,0.6,0.810714
0.6,0.65,0.713019
0.6,0.7,0.600325
0.6,0.75,0.476682
0.6,0.8,0.346544
0.6,0.85,0.214599
0.6,0.9,0.0855794
0.6,0.95,-0.0359249
0.6,1,-0.145647
0.6,1.05,-0.239814
0.6,1.1,-0.315292
0.6,1.15,-0.369712
0.6,1.2,-0.401565
0.6,1.25,-0.410255
0.6,1.3,-0.396125
0.6,1.35,-0.360441
0.6,1.4,-0.30534
0.6,1.45,-0.23374
0.6,1.5,-0.149226
0.6,1.55,-0.055903
0.6,1.6,0.0417688
0.6,1.65,0.139154
0.6,1.7,0.23163
0.6,1.75,0.31477
0.6,1.8,0.384524
0.6,1.85,0.43738
0.6,1.9,0.470511
0.6,1.95,0.481881
0.6,2,0.470336
0.6,2.05,0.435646
0.6,2.1,0.378521
0.6,2.15,0.300579
0.6,2.2,0.204289
0.6,2.25,0.0928694
0.6,2.3,-0.0298371
0.6,2.35,-0.159514
0.6,2.4,-0.291543
0.6,2.45,-0.421187
0.6,2.5,-0.543775
0.6,2.55,-0.65489
0.6,2.6,-0.750542
0.6,2.65,-0.827329
0.6,2.7,-0.882566
0.6,2.75,-0.914396
0.6,2.8,-0.92186
0.6,2.85,-0.904937
0.6,2.9,-0.864543
0.6,2.95,-0.802491
0.6,3,-0.721423
0.6,3.05,-0.624702
0.6,3.1,-0.516275
0.6,3.15,-0.400521
0.6,3.2,-0.282069
0.6,3.25,-0.16562
0.6,3.3,-0.0557554
0.6,3.35,0.0432439
0.6,3.4,0.127569
0.6,3.45,0.194033
0.6,3.5,0.240201
0.6,3.55,0.264484
0.6,3.6,0.2662
0.6,3.65,0.245606
0.6,3.7,0.203884
0.6,3.75,0.143093
0.6,3.8,0.0660845
0.6,3.85,-0.0236066
0.6,3.9,-0.121909
0.6,3.95,-0.224378
0.6,4,-0.326369
0.6,4.05,-0.423231
0.6,4.1,-0.510486
0.6,4.15,-0.584015
0.6,4.2,-0.640219
0.6,4.25,-0.676167
0.6,4.3,-0.689711
0.6,4.35,-0.679576
0.6,4.4,-0.645413
0.6,4.45,-0.587809
0.6,4.5,-0.508271
0.6,4.55,-0.409166
0.6,4.6,-0.293626
0.6,4.65,-0.165427
0.6,4.7,-0.0288388
0.6,4.75,0.111542
0.6,4.8,0.250976
0.6,4.85,0.384766
0.6,4.9,0.508445
0.6,4.95,0.617951
0.6,5,0.709787
0.7,0,0.51
0.7,0.05,0.486543
0.7,0.1,0.567649
0.7,0.15,0.674802
0.7,0.2,0.779381
0.7,0.25,0.869083
0.7,0.3,0.937521
0.7,0.35,0.980923
0.7,0.4,0.997092
0.7,0.45,0.985095
0.7,0.5,0.945164
0.7,0.55,0.878643
0.7,0.6,0.78792
0.7,0.65,0.676323
0.7,0.7,0.547993
0.7,0.75,0.407713
0.7,0.8,0.260722
0.7,0.85,0.112505
0.7,0.9,-0.031424
0.7,0.95,-0.165742
0.7,1,-0.285527
0.7,1.05,-0.386453
0.7,1.1,-0.464962
0.7,1.15,-0.518405
0.7,1.2,-0.545144
0.7,1.25,-0.544621
0.7,1.3,-0.517372
0.7,1.35,-0.465012
0.7,1.4,-0.390164
0.7,1.45,-0.296353
0.7,1.5,-0.187868
0.7,1.55,-0.0695866
0.7,1.6,0.0532206
0.7,1.65,0.175101
0.7,1.7,0.290638
0.7,1.75,0.39467
0.7,1.8,0.482496
0.7,1.85,0.550067
0.7,1.9,0.594145
0.7,1.95,0.612436
0.7,2,0.603682
0.7,2.05,0.567713
0.7,2.1,0.505457
0.7,2.15,0.418897
0.7,2.2,0.311004
0.7,2.25,0.18561
0.7,2.3,0.0472633
0.7,2.35,-0.0989567
0.7,2.4,-0.247637
0.7,2.45,-0.393248
0.7,2.5,-0.530363
0.7,2.55,-0.653871
0.7,2.6,-0.759182
0.7,2.65,-0.84241
0.7,2.7,-0.900525
0.7,2.75,-0.931471
0.7,2.8,-0.934255
0.7,2.85,-0.908975
0.7,2.9,-0.856827
0.7,2.95,-0.780047
0.7,3,-0.681829
0.7,3.05,-0.56619
0.7,3.1,-0.437817
0.7,3.15,-0.301875
0.7,3.2,-0.163802
0.7,3.25,-0.029093
0.7,3.3,0.0969202
0.7,3.35,0.209281
0.7,3.4,0.303605
0.7,3.45,0.376256
0.7,3.5,0.424489
0.7,3.55,0.446561
0.7,3.6,0.4418
0.7,3.65,0.410628
0.7,3.7,0.35455
0.7,3.75,0.276087
0.7,3.8,0.17868
0.7,3.85,0.0665474
0.7,3.9,-0.0554793
0.7,3.95,-0.182152
0.7,4,-0.308015
0.7,4.05,-0.427623
0.7,4.1,-0.53576
0.7,4.15,-0.627648
0.7,4.2,-0.699138
0.7,4.25,-0.746876
0.7,4.3,-0.76844
0.7,4.35,-0.762436
0.7,4.4,-0.728555
0.7,4.45,-0.667584
0.7,4.5,-0.581382
0.7,4.55,-0.472801
0.7,4.6,-0.345577
0.7,4.65,-0.204181
0.7,4.7,-0.0536421
0.7,4.75,0.100652
0.7,4.8,0.253167
0.7,4.85,0.398444
0.7,4.9,0.531313
0.7,4.95,0.647099
0.7,5,0.74181
0.8,0,0.36
0.8,0.05,0.389417
0.8,0.1,0.503412
0.8,0.15,0.632677
0.8,0.2,0.753768
0.8,0.25,0.855909
0.8,0.3,0.932985
0.8,0.35,0.981172
0.8,0.4,0.998217
0.8,0.45,0.98324
0.8,0.5,0.936669
0.8,0.55,0.860194
0.8,0.6,0.756682
0.8,0.65,0.630068
0.8,0.7,0.485188
0.8,0.75,0.327595
0.8,0.8,0.163332
0.8,0.85,-0.00130656
0.8,0.9,-0.160024
0.8,0.95,-0.306773
0.8,1,-0.435997
0.8,1.05,-0.542847
0.8,1.1,-0.62338
0.8,1.15,-0.67471
0.8,1.2,-0.695125
0.8,1.25,-0.684157
0.8,1.3,-0.642591
0.8,1.35,-0.572445
0.8,1.4,-0.476878
0.8,1.45,-0.360069
0.8,1.5,-0.227048
0.8,1.55,-0.083496
0.8,1.6,0.0644864
0.8,1.65,0.210619
0.8,1.7,0.348693
0.8,1.75,0.472826
0.8,1.8,0.577687
0.8,1.85,0.658719
0.8,1.9,0.712318
0.8,1.95,0.735975
0.8,2,0.728382
0.8,2.05,0.689482
0.8,2.1,0.620471
0.8,2.15,0.523755
0.8,2.2,0.402852
0.8,2.25,0.262252
0.8,2.3,0.107241
0.8,2.35,-0.0563108
0.8,2.4,-0.222181
0.8,2.45,-0.384043
0.8,2.5,-0.535718
0.8,2.55,-0.671421
0.8,2.6,-0.785989
0.8,2.65,-0.875088
0.8,2.7,-0.935384
0.8,2.75,-0.964679
0.8,2.8,-0.961993
0.8,2.85,-0.927605
0.8,2.9,-0.863044
0.8,2.95,-0.771025
0.8,3,-0.65534
0.8,3.05,-0.520709
0.8,3.1,-0.372589
0.8,3.15,-0.21696
0.8,3.2,-0.0600841
0.8,3.25,0.0917451
0.8,3.3,0.232451
0.8,3.35,0.356416
0.8,3.4,0.458709
0.8,3.45,0.535275
0.8,3.5,0.583105
0.8,3.55,0.600348
0.8,3.6,0.586388
0.8,3.65,0.541868
0.8,3.7,0.468665
0.8,3.75,0.36981
0.8,3.8,0.249371
0.8,3.85,0.112291
0.8,3.9,-0.0358159
0.8,3.95,-0.188882
0.8,4,-0.340633
0.8,4.05,-0.484837
0.8,4.1,-0.615556
0.8,4.15,-0.72738
0.8,4.2,-0.815648
0.8,4.25,-0.876631
0.8,4.3,-0.907684
0.8,4.35,-0.907352
0.8,4.4,-0.875427
0.8,4.45,-0.812961
0.8,4.5,-0.722225
0.8,4.55,-0.606615
0.8,4.6,-0.470523
0.8,4.65,-0.319162
0.8,4.7,-0.158357
0.8,4.75,0.0056825
0.8,4.8,0.166612
0.8,4.85,0.3182
0.8,4.9,0.454579
0.8,4.95,0.570474
0.8,5,0.661413
0.9,0,0.19
0.9,0.05,0.293762
0.9,0.1,0.445002
0.9,0.15,0.597278
0.9,0.2,0.734614
0.9,0.25,0.848394
0.9,0.3,0.933012
0.9,0.35,0.984703
0.9,0.4,1.00124
0.9,0.45,0.981864
0.9,0.5,0.927266
0.9,0.55,0.839541
0.9,0.6,0.722101
0.9,0.65,0.579536
0.9,0.7,0.417427
0.9,0.75,0.242131
0.9,0.8,0.0605198
0.9,0.85,-0.120288
0.9,0.9,-0.293212
0.9,0.95,-0.451494
0.9,1,-0.588964
0.9,1.05,-0.700288
0.9,1.1,-0.78118
0.9,1.15,-0.828572
0.9,1.2,-0.840733
0.9,1.25,-0.817345
0.9,1.3,-0.759508
0.9,1.35,-0.669699
0.9,1.4,-0.551672
0.9,1.45,-0.410309
0.9,1.5,-0.251422
0.9,1.55,-0.0815255
0.9,1.6,0.0924278
0.9,1.65,0.263323
0.9,1.7,0.424168
0.9,1.75,0.568371
0.9,1.8,0.690004
0.9,1.85,0.784044
0.9,1.9,0.846567
0.9,1.95,0.874908
0.9,2,0.867771
0.9,2.05,0.825274
0.9,2.1,0.748951
0.9,2.15,0.641689
0.9,2.2,0.507613
0.9,2.25,0.351922
0.9,2.3,0.180683
0.9,2.35,0.000588441
0.9,2.4,-0.181309
0.9,2.45,-0.357878
0.9,2.5,-0.522192
0.9,2.55,-0.667806
0.9,2.6,-0.789012
0.9,2.65,-0.881067
0.9,2.7,-0.94038
0.9,2.75,-0.964659
0.9,2.8,-0.952997
0.9,2.85,-0.905911
0.9,2.9,-0.825322
0.9,2.95,-0.714475
0.9,3,-0.577811
0.9,3.05,-0.420791
0.9,3.1,-0.249676
0.9,3.15,-0.0712795
0.9,3.2,0.107307
0.9,3.25,0.278995
0.9,3.3,0.436981
0.9,3.35,0.575019
0.9,3.4,0.687671
0.9,3.45,0.77052
0.9,3.5,0.820349
0.9,3.55,0.83527
0.9,3.6,0.814795
0.9,3.65,0.759861
0.9,3.7,0.672788
0.9,3.75,0.557189
0.9,3.8,0.417824
0.9,3.85,0.260413
0.9,3.9,0.0914034
0.9,3.95,-0.0822815
0.9,4,-0.253523
0.9,4.05,-0.415291
0.9,4.1,-0.56092
0.9,4.15,-0.684381
0.9,4.2,-0.780516
0.9,4.25,-0.845251
0.9,4.3,-0.875749
0.9,4.35,-0.870534
0.9,4.4,-0.829541
0.9,4.45,-0.754125
0.9,4.5,-0.647002
0.9,4.55,-0.512146
0.9,4.6,-0.354627
0.9,4.65,-0.18041
0.9,4.7,0.00388262
0.9,4.75,0.191233
0.9,4.8,0.374511
0.9,4.85,0.546757
0.9,4.9,0.701457
0.9,4.95,0.832806
0.9,5,0.935937
1,0,0
1,0.05,0.198669
1,0.1,0.389418
1,0.15,0.564642
1,0.2,0.717356
1,0.25,0.841471
1,0.3,0.932039
1,0.35,0.98545
1,0.4,0.999574
1,0.45,0.973848
1,0.5,0.909297
1,0.55,0.808496
1,0.6,0.675463
1,0.65,0.515501
1,0.7,0.334988
1,0.75,0.14112
1,0.8,-0.0583741
1,0.85,-0.255541
1,0.9,-0.44252
1,0.95,-0.611858
1,1,-0.756802
1,1.05,-0.871576
1,1.1,-0.951602
1,1.15,-0.993691
1,1.2,-0.996165
1,1.25,-0.958924
1,1.3,-0.883455
1,1.35,-0.772764
1,1.4,-0.631267
1,1.45,-0.464602
1,1.5,-0.279415
1,1.55,-0.0830894
1,1.6,0.116549
1,1.65,0.311541
1,1.7,0.494113
1,1.75,0.656987
1,1.8,0.793668
1,1.85,0.898708
1,1.9,0.96792
1,1.95,0.998543
1,2,0.989358
1,2.05,0.940731
1,2.1,0.854599
1,2.15,0.734397
1,2.2,0.584917
1,2.25,0.412118
1,2.3,0.22289
1,2.35,0.0247754
1,2.4,-0.174327
1,2.45,-0.366479
1,2.5,-0.544021
1,2.55,-0.699875
1,2.6,-0.827826
1,2.65,-0.922775
1,2.7,-0.980936
1,2.75,-0.99999
1,2.8,-0.979178
1,2.85,-0.919329
1,2.9,-0.822829
1,2.95,-0.693525
1,3,-0.536573
1,3.05,-0.358229
1,3.1,-0.165604
1,3.15,0.033623
1,3.2,0.23151
1,3.25,0.420167
1,3.3,0.592074
1,3.35,0.740376
1,3.4,0.859162
1,3.45,0.943696
1,3.5,0.990607
1,3.55,0.998027
1,3.6,0.965658
1,3.65,0.894791
1,3.7,0.788252
1,3.75,0.650288
1,3.8,0.486399
1,3.85,0.303118
1,3.9,0.107754
1,3.95,-0.0919069
1,4,-0.287903
1,4.05,-0.472422
1,4.1,-0.638107
1,4.15,-0.778352
1,4.2,-0.887567
1,4.25,-0.961397
1,4.3,-0.9969
1,4.35,-0.992659
1,4.4,-0.948844
1,4.45,-0.867202
1,4.5,-0.750987
1,4.55,-0.604833
1,4.6,-0.434566
1,4.65,-0.246974
1,4.7,-0.0495356
1,4.75,0.149877
1,4.8,0.343315
1,4.85,0.523066
1,4.9,0.681964
1,4.95,0.813674
1,5,0.912945
